1.01639 0.968728 0.94111 0.941155 0.911747 0.898018 
0.952297 0.965108 1.05327 0.902377 0.903046 0.929271 
0.993412 0.878338 0.928617 0.896786 1.01505 0.906963 
1.06362 0.957875 1.00342 0.933652 0.961805 0.962769 
0.940012 0.920808 0.937628 0.899279 0.912583 1.00675 
0.916278 0.791659 0.98577 0.932152 0.873568 0.892946 
0.989716 0.975279 1.03002 0.871624 0.952386 0.930797 
1.00378 0.926164 1.07548 0.953307 0.909337 0.863489 
0.894886 0.936661 0.9691 0.975219 0.962801 0.931155 
0.995951 1.02555 0.939913 0.929277 0.930433 0.924502 
0.884711 1.02738 0.955259 0.992794 32.0565 0.904506 
0.925023 0.93158 0.907821 0.88232 0.892444 0.953765 
0.893781 0.955323 1.04611 0.922649 0.884582 0.856253 
0.949949 0.97402 1.03716 0.934919 0.905671 0.891669 
0.963984 1.01674 0.962221 0.940506 0.986376 0.935868 
1.01723 0.929849 1.06214 0.874553 0.918339 0.83882 
0.926199 1.00069 0.981118 0.938949 0.90685 0.955651 
0.957552 0.886382 0.991363 0.940749 0.936956 0.934187 
0.895796 0.961949 1.06094 0.930915 0.973765 0.958241 
0.922068 0.943947 0.900896 0.992061 0.907768 0.895367 
0.934932 0.977019 0.956754 0.816913 0.939143 0.891769 
0.886436 1.03506 0.896455 0.864367 0.883057 0.851383 
0.917713 0.982386 0.979694 0.888648 1.07058 0.842444 
0.877357 1.02969 0.976423 0.943305 0.863164 0.827591 
1.0048 0.973559 0.963275 0.935682 0.913071 0.991995 
0.986685 1.04512 1.0252 0.86473 0.908178 0.995842 
1.04029 0.951527 0.982475 0.897548 0.95876 0.982654 
0.917973 0.912458 1.0722 0.884134 0.942787 0.938427 
1.01351 0.916745 0.968278 0.905027 0.979001 0.908499 
0.958619 0.964313 0.944439 0.976126 0.931292 0.892453 
0.87003 0.917287 0.940007 0.842279 1.00899 0.878882 
0.91825 0.993487 0.957305 0.894037 0.926491 0.94128 
0.989445 0.972618 1.03308 0.963976 0.921361 0.948785 
0.944878 0.914371 0.916146 0.943469 0.958984 0.983257 
0.985914 0.883098 0.938599 0.892709 0.980948 0.886947 
0.890081 0.866084 0.963945 0.968206 0.921731 0.932982 
0.985244 0.952253 0.928877 0.920148 0.980204 0.922251 
0.920349 0.989939 1.03729 0.880947 0.984642 0.873755 
0.912956 0.89405 0.983448 0.948721 0.959907 0.891588 
0.946085 1.03035 0.907023 0.983547 0.910066 0.862599 
0.987212 0.984028 0.974441 0.945843 0.90321 0.945143 
0.941207 0.934044 0.976232 0.863533 0.841567 0.900786 
0.981535 0.953785 1.02405 0.896219 0.866943 1.02472 
0.93475 0.92917 1.00038 0.890091 0.935277 1.00158 
0.86295 0.986448 0.887628 0.905041 0.957243 0.884226 
0.988146 1.01952 0.954571 0.912354 0.944142 0.851892 
0.963284 0.960662 1.05035 0.897911 0.953179 0.921919 
0.879419 1.00863 0.972476 0.912369 0.957654 0.836376 
0.944204 0.960001 0.984949 0.784578 0.944 0.982879 
1.04596 1.1068 1.02572 0.945604 0.984176 0.929024 
1.00947 1.02286 1.01492 1.00637 0.88761 1.00054 
0.936852 0.964347 0.968423 0.969116 0.813266 0.896889 
0.923289 0.989085 0.985309 0.962975 0.935458 0.864771 
0.914943 1.01907 0.925856 0.889638 0.970281 0.889116 
0.94108 1.05115 0.965358 0.928228 0.892779 0.942747 
0.967283 0.937599 0.987675 0.951575 0.89131 0.908984 
0.947388 0.995247 0.996801 0.943606 0.903984 0.930522 
0.939941 0.940072 1.08013 0.931103 0.941156 0.961393 
0.900469 0.969195 0.951227 0.886275 0.98022 0.976215 
0.930979 0.95355 0.904399 0.85016 0.964963 0.800336 
0.972902 0.932378 1.00811 0.927546 0.850105 0.947504 
0.899526 0.969198 1.08292 0.907596 0.914785 0.929634 
0.871071 0.992803 0.952762 0.945587 0.96956 0.92138 
0.99167 0.990828 1.0299 0.964114 0.975163 0.809486 
0.93453 0.992899 0.914687 0.896917 0.884509 0.910251 
0.931365 1.0947 1.01051 0.903273 0.957833 0.928882 
0.984237 1.00335 0.948343 0.929561 0.903579 0.851663 
0.921683 0.944259 1.04987 0.908648 0.941397 0.912092 
0.914833 0.984919 1.05302 0.95522 0.931084 0.939659 
0.993331 0.932879 0.960057 0.842393 0.944098 0.856444 
0.919153 0.978665 0.980066 0.935035 0.970037 0.966675 
0.996452 0.918688 0.982364 0.900849 0.847378 0.872061 
0.920936 0.965778 0.963183 0.953762 0.881572 0.865822 
0.957035 0.993773 0.982123 0.946536 0.963722 0.869708 
0.935554 0.974886 1.05765 0.923729 0.900131 0.88286 
0.864699 1.02941 0.981786 0.853538 0.939379 0.824321 
0.909164 1.03033 1.03807 0.980884 0.928282 0.902139 
0.927712 1.0319 0.961971 0.932906 0.899017 0.893544 
18.9343 1.00655 0.965507 0.941785 0.906863 0.88554 
0.925999 0.938143 0.958366 0.921879 0.873111 0.934704 
0.886043 1.07299 0.993206 1.04224 1.02106 0.962277 
0.964004 0.97311 1.0811 1.003 1.01142 0.824303 
1.05316 28.5698 0.983517 1.01812 0.944688 0.996103 
0.967817 0.925456 1.00688 0.843771 0.930171 0.814068 
1.00212 0.960621 0.933153 0.933652 0.950419 0.916273 
0.930891 0.985546 0.967563 0.920193 0.996791 0.842793 
0.934574 0.905702 1.00529 0.945463 0.951615 0.876634 
1.00477 0.947102 0.8675 0.970036 0.930236 0.915732 
0.943285 0.9619 0.998681 0.937702 0.908867 0.908039 
0.993997 0.909747 0.878304 0.990857 0.976943 0.886937 
0.998232 1.00883 0.953887 0.993388 0.948239 0.993622 
0.921728 0.976155 0.981496 0.928491 0.901772 0.885427 
0.972539 0.933845 0.95185 1.02229 0.924178 0.901034 
0.945758 0.97105 1.05779 0.921026 0.875314 0.911209 
0.917878 0.996906 1.01388 0.855889 0.910974 0.985521 
0.939316 0.898002 0.895636 0.893961 0.903376 0.965186 
18.8131 0.899035 1.03375 0.953349 0.99838 0.907311 
0.959583 0.966349 0.952038 0.978341 0.899754 0.878262 
0.915888 1.00953 1.04367 1.01594 0.897229 0.97583 
0.923251 0.984162 0.936751 0.924439 0.910053 0.984494 
0.923952 1.15602 1.01337 0.968329 1.00561 0.897444 
0.987636 0.939986 0.95508 0.935084 0.881419 0.930882 
1.00921 1.01726 0.982935 0.949727 0.96262 0.918029 
0.91658 0.904682 1.03263 0.917859 0.910244 0.872069 
1.02797 0.951478 0.946042 1.07468 0.919843 0.92638 
0.910988 0.94037 0.971191 0.845482 0.840691 0.887106 
1.02511 0.910951 1.02666 0.865995 0.880709 0.885406 
0.913496 0.901652 0.939168 0.932029 0.835715 0.878493 
0.991923 1.00401 1.03812 0.95961 0.929373 0.910376 
1.00212 0.854431 1.00067 1.00617 0.88347 0.930685 
0.921143 0.954541 1.03236 0.946986 0.901068 0.911386 
0.953245 0.978137 0.938173 0.847553 0.93527 0.850554 
0.946672 0.974585 1.01684 0.952931 0.921071 0.881208 
0.897968 1.00522 1.07353 0.864899 0.909727 0.80693 
0.988177 0.90487 1.05277 0.989587 0.912985 0.854986 
0.928012 0.937435 1.00601 0.845341 0.906589 0.886866 
0.939123 0.997086 0.993637 0.879956 0.909947 0.927059 
0.924105 0.986011 0.968656 0.96531 0.864782 0.963541 
1.04441 0.982214 0.873133 0.932463 0.895559 0.861859 
0.956884 0.974917 0.981392 0.895168 0.890002 0.839247 
0.929942 1.03551 0.986054 1.05512 0.963044 0.860099 
0.94931 0.904592 1.02868 0.926019 0.874138 0.840993 
1.02476 0.977636 0.99099 0.791616 0.981622 0.843311 
0.998423 0.92007 0.9543 0.922076 0.925398 0.901048 
0.977735 0.975153 0.997548 0.962332 0.995137 0.860378 
0.929365 0.969793 0.880594 0.907717 0.873684 0.830762 
0.933158 0.982673 1.01209 0.89421 0.829221 0.854209 
0.863609 0.921117 1.05383 0.891557 0.890259 0.907142 
