16402.8 16388.8 16368.1 16381.3 16371.5 16382.1 
16389.7 16393.3 16357.1 16393.4 16383.8 16392.9 
16383.2 16394.2 16371.7 16388.6 16352.1 16394.6 
16379.5 16379.5 16381.1 16371.1 16406.5 16401.8 
16388.7 16389.9 16388.9 16381.6 16353.7 16388.7 
16388.2 16383.9 16403.5 16388.5 16375.1 16378 
16392.2 16390 16392.4 16382.7 16383.6 16383.5 
16408.1 16398.7 16384.2 16389.5 16392.4 16381.1 
16361 16384.7 16376.8 16367.8 16393.9 16371.8 
16388.1 16379.6 16373.3 16415.8 16363 16375.3 
16389.1 16364.8 16364.8 16374 16200.9 16398 
16377.9 16385.6 16389.3 16372.1 16367.9 16393 
16377 16387.8 16366.5 16400.8 16396.1 16392.8 
16400.2 16380.2 16383.8 16363.5 16377.5 16386.8 
16406.9 16399.3 16380.3 16389.5 16387.2 16375.5 
16382.1 16384.8 16367.8 16402.1 16378.6 16382.2 
16377.1 16366.6 16404.7 16366.1 16375.3 16374.7 
16394.8 16386.3 16383.6 16389.2 16383 16381.2 
16395.4 16370.2 16376.3 16364.7 16380.6 16394.7 
16397.6 16381.5 16388.5 16386.9 16379.7 16386.8 
16393.5 16396.7 16390.8 16380.4 16395.7 16376.7 
16377.3 16379.7 16359.7 16380.9 16366.7 16382.9 
16393.5 16372.9 16383.6 16400.1 16390.8 16388.6 
16388.2 16389.6 16376.1 16379.9 16393.9 16388.6 
16384 16389.8 16380.8 16400.4 16383.8 16372.4 
16380.4 16380.2 16382.3 16379.1 16390.3 16372.7 
16379.3 16402.2 16392.8 16376.1 16382.4 16382.2 
16374.5 16378.4 16385.7 16406.7 16373.2 16378.6 
16374.4 16412.2 16397.1 16380.7 16392 16396.4 
16395.2 16389.5 16387.9 16373 16380.7 16391.6 
16386.9 16393.6 16377.5 16392 16394.6 16388.6 
16378.3 16393.7 16399.6 16373 16383.2 16393.5 
16391.3 16396.3 16361.3 16380.4 16394.9 16376.1 
16390.4 16368.6 16387.1 16380.3 16393.8 16402.8 
16376.8 16374.9 16378 16399.5 16393.3 16410.1 
16388 16388.3 16390.4 16374.4 16396.8 16394.9 
16375.4 16379.5 16384 16376.7 16380.7 16387.8 
16390.8 16376.7 16377.5 16371.6 16381.1 16385.8 
16383.5 16377 16380.3 16386.6 16366.3 16386.3 
16401.4 16397.3 16398.6 16387 16379.4 16374.9 
16392.5 16380.8 16385.6 16377.5 16386 16369.1 
16372.3 16368.9 16397.7 16387.4 16379.5 16386.2 
16379.5 16377.5 16386.4 16359.8 16379.6 16377.5 
16380.1 16387.4 16390.4 16386.9 16384.4 16414.3 
16373.5 16390.2 16389 16370.8 16384.7 16374.8 
16368.9 16389.4 16385.3 16387.2 16374.7 16385.4 
16380.6 16387.7 16381.2 16373.7 16393.9 16386.1 
16409.2 16390.8 16382.9 16386.3 16388.2 16378.9 
16389.4 16360 16377.4 16385.3 16376.5 16398.4 
16373.7 16385.5 16388.2 16393.6 16375.5 16385.8 
16380.9 16370.7 16379 16370.1 16408.3 16387.2 
16385.9 16394.6 16393.4 16377.7 16380.8 16412.2 
16390.1 16379 16370.5 16379.6 16375.2 16380.1 
16386.7 16378.2 16377.7 16372.7 16380.3 16383.7 
16377.5 16396.6 16391.7 16371.1 16377.4 16396.1 
16376.9 16382.8 16379.7 16384 16387 16388.4 
16393.4 16391.6 16373.9 16367.8 16382.1 16380.2 
16380.2 16398.5 16401.2 16399.1 16382.1 16389.7 
16363.2 16401.4 16375.6 16373.4 16371.4 16384.2 
16401.5 16369 16371.5 16376.3 16394.6 16385.8 
16401.3 16371.5 16386 16394.1 16380.4 16384.9 
16395.8 16382.8 16386.3 16405.9 16381.6 16384.5 
16387.4 16367.8 16392.2 16381.4 16374.4 16395.9 
16374.3 16401.1 16396.6 16391.5 16375.2 16396.7 
16353.4 16391 16388.5 16398.5 16382.8 16379.7 
16375.2 16400.6 16382 16386.9 16374.2 16386.5 
16391.3 16379.8 16389.8 16384 16368.3 16384.8 
16387.6 16370.3 16396.8 16387.4 16366.4 16381.7 
16377.9 16379.2 16367.3 16382.2 16394.8 16386.5 
16382.6 16374.8 16415.6 16380.8 16381.9 16381.4 
16401.4 16388.9 16389.6 16401.9 16376.9 16391.3 
16390.2 16399.7 16382.4 16386.1 16390.2 16392 
16399.2 16409 16376.4 16409.8 16372.6 16379.9 
16381.9 16385.4 16371.7 16390.3 16361.3 16387.8 
16374.8 16382.4 16394.1 16369.2 16363.4 16412.1 
16389.2 16387.3 16378.8 16400.9 16385.5 16387.1 
16395.1 16395.2 16388.8 16361.7 16375.4 16389.4 
16393 16394.5 16365.1 16372.9 16382.9 16411.2 
15985.8 16387.8 16376.4 16363.1 16373.8 16383.1 
16371 16393.1 16377.9 16393.1 16372.7 16376.5 
16372 16371.4 16379.8 16388.8 16383.6 16376.4 
16358.9 16377.3 16384.3 16401.6 16369.4 16369.2 
16360.8 16226.4 16369.3 16383.6 16378 16397.2 
16374.1 16393.3 16377 16402 16384.3 16369.2 
16382.2 16385.7 16392.7 16391 16370 16407.9 
16391.4 16374.6 16393.9 16392.4 16366.4 16381.1 
16374.9 16387.7 16369.2 16382.7 16373.6 16379.7 
16383.1 16384.5 16371.9 16394.1 16381.6 16394.9 
16370.6 16385.2 16375.7 16381.5 16368.7 16396.2 
16385.2 16399.4 16384.8 16399.3 16387 16382.5 
16370.5 16391.6 16400.3 16385.5 16371.5 16396.4 
16403.3 16377.7 16357.1 16375.5 16386.2 16373.9 
16386 16386.3 16392 16386.3 16383.8 16393.8 
16379.5 16387.5 16394.8 16385.5 16383.7 16377.5 
16383.9 16369.5 16370.1 16379.7 16374.9 16384.8 
16378 16383.9 16372 16407.1 16375.3 16383.6 
16778.1 16406.3 16392.2 16385 16383.1 16364.9 
16386.3 16381.7 16383 16382.5 16376.1 16376.9 
16377.7 16403.5 16385.9 16382.9 16357.6 16391.2 
16377.1 16399.7 16385.9 16403.1 16367.5 16377 
16381.7 16409.5 16390 16380.4 16373.6 16369.7 
16390.8 16387.5 16392.4 16395.3 16367 16365.3 
16383.5 16383.5 16386.7 16377.3 16379.8 16379.8 
16378.6 16387.7 16378.3 16393.3 16393.6 16371.9 
16386.8 16378.9 16382.9 16388 16388.7 16387.6 
16378.1 16378.3 16396 16384.2 16385.5 16384.6 
16392 16391.2 16378.1 16363.2 16369.3 16360.8 
16385.4 16387.4 16390.2 16374.5 16373.9 16380.8 
16363.2 16384.4 16378.6 16406.1 16361.6 16397.6 
16402.8 16395.2 16379 16367.2 16392.9 16391 
16387.9 16361.5 16372.5 16376.3 16391.3 16382.4 
16389 16406.6 16372.4 16374.7 16372.1 16395.4 
16384 16398.4 16369.7 16392.2 16382.4 16380.6 
16379.9 16386.7 16398.1 16380.3 16380.7 16382.8 
16401.8 16368.1 16374.2 16371.6 16386.7 16384.6 
16372.7 16395.6 16388.2 16377.1 16361.3 16390.6 
16385.5 16375.7 16385.6 16381.9 16389.9 16391.8 
16371.7 16393 16381.9 16391.3 16376.8 16383.7 
16377.6 16380.2 16377.2 16392.2 16368.3 16390.2 
16369 16391.1 16379.3 16398.5 16364.8 16385.7 
16399.6 16373.6 16379.9 16386.5 16381.6 16397.3 
16379.4 16366.8 16402.5 16394.6 16372.6 16371.4 
16379.8 16373.5 16374.4 16387 16370.4 16377.5 
16350.1 16375.7 16403.3 16391.2 16370.3 16383.4 
16364.3 16371.5 16405.7 16387.3 16379.5 16391.4 
16380.3 16385.4 16366.6 16399.9 16377.9 16397.1 
16385.8 16379.8 16397.7 16388.7 16366.9 16379.6 
16388.3 16383.2 16362.3 16414.5 16374.2 16391.6 
